0 2031979551
1 1475812276
2 328274584
3 619499522
4 1817482667
5 15396230
6 228077089
7 2035105485
8 1117949833
9 1054912910
10 69348775
11 2127925457
12 1705675511
13 1635077107
14 1064739949
15 1512367653
16 857239444
17 1899297535
18 1427005589
19 2035094074
20 1196938289
21 692447390
22 745312690
23 1717756306
24 1015613955
25 1329664481
26 1770538499
27 126202758
28 1039872994
29 916364301
30 639877731
31 924368897
32 244692930
33 968152315
34 1543868419
35 2062175597
36 983548545
37 1771945508
38 1949797434
39 2101498378
40 679374770
41 2019146210
42 2081940188
43 237566634
44 1506739669
45 999196489
46 1749934287
47 216495465
48 751010376
49 1029456229
50 104105892
51 1947948665
52 1721903619
53 849418582
54 1518221323
55 590033926
56 31599416
57 1141276174
58 716236685
59 1071472410
60 2057640476
61 1356114416
62 1995841307
63 154849758
64 176783083
65 1392226078
66 69541707
67 1160331629
68 1016687938
69 2019339142
70 1114346359
71 1696062709
72 1891001704
73 1048802899
74 1933629343
75 1250257725
76 2047999388
77 1536079982
78 1466753191
79 651526116
80 418052563
81 1570859083
82 451991134
83 2139956182
84 272794017
85 1970212457
86 582506461
87 304393433
88 964004984
89 1298743146
90 1375865843
91 874161812
92 507373914
93 1224223502
94 1029011570
95 684156997
96 468965932
97 1098553277
98 1844488626
99 1485653871
   0   2031979551   2031979551    0
   1   1475812276   1475812276    0
   2    328274584    328274584    1
   3    619499522    619499522    2
   4   1817482667   1817482667    2
   5     15396230     15396230    3
   6    228077089    228077089    4
   7   2035105485   2035105485    4
   8   1117949833   1117949833    4
   9   1054912910   1054912910    4
  10     69348775     69348775    5
  11   2127925457   2127925457    5
  12   1705675511   1705675511    5
  13   1635077107   1635077107    5
  14   1064739949   1064739949    6
  15   1512367653   1512367653    6
  16    857239444    857239444    7
  17   1899297535   1899297535    7
  18   1427005589   1427005589    8
  19   2035094074   2035094074    8
  20   1196938289   1196938289    8
  21    692447390    692447390    9
  22    745312690    745312690   10
  23   1717756306   1717756306   10
  24   1015613955   1015613955   11
  25   1329664481   1329664481   12
  26   1770538499   1770538499   12
  27    126202758    126202758   13
  28   1039872994   1039872994   13
  29    916364301    916364301   13
  30    639877731    639877731   14
  31    924368897    924368897   14
  32    244692930    244692930   15
  33    968152315    968152315   16
  34   1543868419   1543868419   17
  35   2062175597   2062175597   17
  36    983548545    983548545   18
  37   1771945508   1771945508   19
  38   1949797434   1949797434   20
  39   2101498378   2101498378   20
  40    679374770    679374770   21
  41   2019146210   2019146210   22
  42   2081940188   2081940188   22
  43    237566634    237566634   23
  44   1506739669   1506739669   23
  45    999196489    999196489   24
  46   1749934287   1749934287   24
  47    216495465    216495465   25
  48    751010376    751010376   26
  49   1029456229   1029456229   26
  50    104105892    104105892   27
  51   1947948665   1947948665   27
  52   1721903619   1721903619   27
  53    849418582    849418582   28
  54   1518221323   1518221323   28
  55    590033926    590033926   28
  56     31599416     31599416   29
  57   1141276174   1141276174   29
  58    716236685    716236685   30
  59   1071472410   1071472410   31
  60   2057640476   2057640476   31
  61   1356114416   1356114416   32
  62   1995841307   1995841307   32
  63    154849758    154849758   33
  64    176783083    176783083   34
  65   1392226078   1392226078   34
  66     69541707     69541707   35
  67   1160331629   1160331629   35
  68   1016687938   1016687938   36
  69   2019339142   2019339142   36
  70   1114346359   1114346359   37
  71   1696062709   1696062709   38
  72   1891001704   1891001704   38
  73   1048802899   1048802899   39
  74   1933629343   1933629343   39
  75   1250257725   1250257725   40
  76   2047999388   2047999388   40
  77   1536079982   1536079982   40
  78   1466753191   1466753191   40
  79    651526116    651526116   40
  80    418052563    418052563   41
  81   1570859083   1570859083   41
  82    451991134    451991134   42
  83   2139956182   2139956182   42
  84    272794017    272794017   43
  85   1970212457   1970212457   43
  86    582506461    582506461   43
  87    304393433    304393433   44
  88    964004984    964004984   45
  89   1298743146   1298743146   46
  90   1375865843   1375865843   46
  91    874161812    874161812   46
  92    507373914    507373914   47
  93   1224223502   1224223502   47
  94   1029011570   1029011570   47
  95    684156997    684156997   47
  96    468965932    468965932   48
  97   1098553277   1098553277   49
  98   1844488626   1844488626   49
  99   1485653871   1485653871   49
sort NG 49
#     #  ##### 
##    # #     #
# #   # #      
#  #  # #  ####
#   # # #     #
#    ## #     #
#     #  ##### 
